
整个过程应该叫修正误差，而不是叫同步，有点坑老实人


实际上做不到精确同步，只能做到误差只有一次，不积累


参数：主机时钟每走2000，从机时钟走2500，从机时钟快500

同步次数	主机时间	从机时间	偏移量 = 主机 - 从机	偏移量变化
1	16000	3000	13000	初始值
2	18000	5500	12500	减小 500
3	20000	8000	12000	减小 500
4	22000	10500	11500	减小 500
5	24000	13000	11000	减小 500
6	26000	15500	10500	减小 500
7	28000	18000	10000	减小 500
8	30000	20500	9500	减小 500
9	32000	23000	9000	减小 500
10	34000	25500	8500	减小 500
11	36000	28000	8000	减小 500
12	38000	30500	7500	减小 500
13	40000	33000	7000	减小 500
14	42000	35500	6500	减小 500
15	44000	38000	6000	减小 500
16	46000	40500	5500	减小 500
17	48000	43000	5000	减小 500
18	50000	45500	4500	减小 500
19	52000	48000	4000	减小 500
20	54000	50500	3500	减小 500
21	56000	53000	3000	减小 500
22	58000	55500	2500	减小 500
23	60000	58000	2000	减小 500
24	62000	60500	1500	减小 500
25	64000	63000	1000	减小 500
26	66000	65500	500	减小 500
27	68000	68000	0	减小 500
28	70000	70500	-500	减小 500（变负数了！）
29	72000	73000	-1000	减小 500
30	74000	75500	-1500	减小 50




同步次数	主机时间	从机时间	本次收到后算出新偏移量	本次用哪个偏移量换算？

第1次	16000	3000	13000	没有上一次，无法换算
第2次	18000	5500	12500	用上一次的 13000
第3次	20000	8000	12000	用上一次的 12500
第4次	22000	10500	11500	用上一次的 12000

小结： 第3次接收数据前的时候，从机卡点应是主机表将是1800->2000，从机表将是5500->8000，偏移量应是12500而不是12000 
          本次同步时间的卡点运用，用的是上一次的偏移量



同步次数	主机实际时间	从机本地时间	用旧偏移量换算	换算误差

2	18000	5500	5500 + 13000 = 18000	0（刚好对上）
3	20000	8000	8000 + 12500 = 20500	+500（偏快）
4	22000	10500	10500 + 12000 = 22500	+500（偏快）
5	24000	13000	13000 + 11500 = 24500	+500（偏快）

小结： 实际上做不到精确同步，只能做到误差只有一次，不积累




